SizeLetter	XS	XS	S	S	M	M	L	L	XL	XL	2XL	2XL	3XL	3XL
SizeId	-120	-100	-80	-60	-40	-20	0	20	40	60	80	100	120	140
Global														
Europe	32	34	36	38	40	42	44	46	48	50	52	54	56	58
US	2	4	6	8	10	12	14	16	18	20	22	24	26	28
UK	6	8	10	12	14	16	18	20	22	24	26	28	30	32
China	155,60A	160,64A	165,68A	165,72A	170,76A	170,80A	175,84A	175,88A	175,94A	175,100A	175,106A	175,112A	175,118A	175,124A
Waist	60	64	68	72	76	80	84	88	94	100	106	112	118	124
Hips	84	88	92	96	100	104	108	112	117	122	127	132	137	142
InsideLeg	79	79	79	79	79	79	79	79	79	79	79	79	79	79
