SizeLetter	XS	XS	S	S	M	M	L	L	XL	XL	2XL	2XL	3XL	3XL
SizeId	-120	-100	-80	-60	-40	-20	0	20	40	60	80	100	120	140
Europe	32	34	36	38	40	42	44	46	48	50	52	54	56	58
US	2	4	6	8	10	12	14	16	18	20	22	24	26	28
UK	6	8	10	12	14	16	18	20	22	24	26	28	30	32
China	155-76A	160-80A	165-84A	165-88A	170-92A	170-96A	175,100A	175-104A	175-108A	175-116A	175-120A	175-128A	175-132A	175-140A
Chest	76	80	84	88	92	96	100	104	110	116	122	128	134	140
Waist	60	64	68	72	76	80	84	88	94	100	106	112	118	124
Hips	84	88	92	96	100	104	108	112	117	122	127	132	137	142
InsideLeg	79	79	79	79	79	79	79	79	79	79	79	79	79	79
